020101003801202603
020101012701202603
020101012709202603
020101013501202603
020101013509202603
020101014301202603
020101014307202603
020101014309202603
020101016001202603
020101016009202603
020101020801202603
020101020809202603
020101024001202603
020101024007202603
020101024009202603
020101025901202603
020101026701202603
020101026707202603
020101026709202603
020101027503202603
020101027507202603
020101027509202603
020101030501202603
020101030507202603
020101030509202603
020101031301202603
020101031307202603
020101031309202603
020101032101202603
020101032107202603
020101032109202603
020101033001202603
020101033007202603
020101033009202603
020101040201202603
020101040207202603
020101040209202603
020101053401202603
020101053409202603
020101055001202603
020101055009202603
020904003301202603
020904003307202603
020904003309202603
020904005001202603
020904005007202603
020904005009202603
021105009101202603
021105010503202603
021105010507202603
021105010509202603
021105014801202603
030106001003202603
030106001007202603
030106007001202603
030106007003202603
030106007007202603
030106007009202603
030106008803202603
030109001703202603
030109001709202603
030109001713202603
030109002503202603
030109002509202603
030109002513202603
030116002303202603
030116002307202603
030301001003202603
030301001007202603
030301002903202603
030301002907202603
030301003703202603
030301003707202603
030301004503202603
030301004507202603
030301005303202603
030301005307202603
030301006103202603
030301006107202603
030301007003202603
030301007007202603
030301008803202603
030301008807202603
030301009603202603
030301009607202603
030301010003202603
030301010007202603
030301011803202603
030301011807202603
030301012603202603
030301012607202603
030301013403202603
030301013407202603
030301014203202603
030301014207202603
030301015003202603
030301015007202603
030301016903202603
030301016907202603
030301017703202603
030301017707202603
030301018503202603
030301018507202603
030301019303202603
030301019307202603
030301020703202603
030301020707202603
030301021503202603
030301021506202603
030301021507202603
030302003203202603
030302003207202603
030302004003202603
030302004007202603
030302005903202603
030302005907202603
030302006703202603
030302006707202603
030302007503202603
030302007507202603
030302008303202603
030302008307202603
030303001107202603
030303001111202603
030303002003202603
030303002007202603
030303003803202603
030303003807202603
030303004603202603
030303004607202603
030303005403202603
030303005407202603
030303006203202603
030303006207202603
030304001703202603
030304001707202603
030304002503202603
030304002507202603
030304003303202603
030304003307202603
030304004103202603
030304004107202603
030304005003202603
030304005007202603
030304006803202603
030304006807202603
030304007603202603
030304007607202603
030304008401202603
030304008403202603
030304008407202603
030304009201202603
030304009203202603
030304009207202603
030304010603202603
030304010607202603
030304011401202603
030304011403202603
030304011407202603
030304012201202603
030304012203202603
030304012207202603
030304013003202603
030304013007202603
030304014903202603
030304014907202603
030304015703202603
030304015707202603
030304016503202603
030304016507202603
030304017303202603
030304017307202603
030304018103202603
030304019003202603
030304019007202603
030304020303202603
030304020307202603
030304021103202603
030304021107202603
030304022003202603
030304022007202603
030304023803202603
030304023807202603
030304024603202603
030304024607202603
030304025403202603
030304025407202603
030304026203202603
030304026207202603
030304027003202603
030304027007202603
030304028903202603
030304029703202603
030304029707202603
030304030003202603
030305013603202603
030305013607202603
030305014403202603
030305014407202603
030306001803202603
030306001807202603
030306002603202603
030306002607202603
030306003403202603
030306003407202603
030306004203202603
030306004207202603
030306005003202603
030306005007202603
030306006903202603
030306006907202603
030306007703202603
030306007707202603
030306008503202603
030306008507202603
030306009303202603
030306009307202603
030306010703202603
030306010707202603
030306011503202603
030306011507202603
030306012303202603
030306012307202603
030306013103202603
030306013107202603
030306014003202603
030306014007202603
030306015803202603
030306015807202603
030306016603202603
030306016607202603
030306017403202603
030306017407202603
030306018203202603
030306018207202603
030306019003202603
030306019007202603
030306020403202603
030306020407202603
030306021203202603
030306021207202603
030306022001202603
030306022003202603
030306022007202603
030306023903202603
030306023907202603
030306024703202603
030306024707202603
030306025503202603
030306025507202603
030306026303202603
030306026307202603
030306027103202603
030306027107202603
030306028003202603
030306028007202603
030306029803202603
030306029807202603
030306030103202603
030306030107202603
030307006403202603
030307006407202603
030307007203202603
030307007207202603
030307008003202603
030307008007202603
030307009903202603
030307009907202603
030307010203202603
030307010207202603
030307011003202603
030307011007202603
030307012903202603
030307012907202603
030307013701202603
030308004303202603
030308004307202603
030308005103202603
030308005107202603
030308006003202603
030308006007202603
030308007803202603
030308007807202603
030308008603202603
030308008607202603
030308009403202603
030308009407202603
030309013803202603
030309013807202603
030309013809202603
030309019703202603
030309019707202603
030309019709202603
030309023503202603
030309023507202603
030309023509202603
030309031603202603
030309031607202603
030310001002202603
030310001003202603
030310001007202603
030310002802202603
030310002803202603
030310002807202603
030310003602202603
030310003603202603
030310003607202603
030310004402202603
030310004403202603
030310004407202603
030310005202202603
030310005203202603
030310005207202603
030311001503202603
030311001507202603
030311002303202603
030311002307202603
030311003103202603
030311003107202603
030311004003202603
030311004007202603
030311005803202603
030311005807202603
030311006603202603
030311006607202603
030311007403202603
030311007407202603
030311008203202603
030311008207202603
030311009003202603
030311009007202603
030311010403202603
030311010407202603
030311011203202603
030311011207202603
030313001604202603
030313002404202603
030313003204202603
030313004004202603
030313005904202603
030313006704202603
030313007504202603
030313008304202603
030314002003202603
030314002007202603
030314003803202603
030314003807202603
030314004603202603
030314004607202603
030314005403202603
030314005407202603
030314006203202603
030314006207202603
030314007003202603
030314007007202603
030314008903202603
030314008907202603
030314009703202603
030314009707202603
030314010003202603
030314010007202603
030314011903202603
030314011907202603
030314012703202603
030314012707202603
030314013503202603
030314013507202603
030314014303202603
030314014307202603
030314015103202603
030314015107202603
030315001703202603
030315001707202603
030315002503202603
030315002507202603
030315003303202603
030315003307202603
030315004103202603
030315004107202603
030315005003202603
030315005007202603
030315006803202603
030315006807202603
030316001207202603
030316002007202603
030316003907202603
030316004707202603
030316005507202603
030316006307202603
030316007107202603
030317009305202603
030317009307202603
030317010707202603
030317010714202603
030317013102202603
030317013103202603
030317013105202603
030317013107202603
030317013187202603
030317014002202603
030317014003202603
030317014005202603
030317014007202603
030317014087202603
030317015802202603
030317015803202603
030317015805202603
030317015807202603
030317015887202603
030317016602202603
030317016603202603
030317016605202603
030317016607202603
030317016687202603
030317017402202603
030317017403202603
030317017405202603
030317017407202603
030317017487202603
030317018202202603
030317018203202603
030317018205202603
030317018207202603
030317018287202603
030317019005202603
030317019007202603
030317020405202603
030317020407202603
030318001303202603
030318001307202603
030318003003202603
030318003007202603
030318004803202603
030318004807202603
030318005603202603
030318005607202603
030318006403202603
030318006407202603
030318007207202603
030318007210202603
030319001903202603
030319001907202603
030319001908202603
030401011103202603
030401011107202603
030401035903202603
030401035907202603
030401049903202603
030401049907202603
030401059603202603
030401059607202603
030408002003202603
030408002007202603
030408003903202603
030408003907202603
030408003909202603
030408004703202603
030408006303202603
030409001803202603
030409001807202603
030409002603202603
030409002607202603
030409003403202603
030409003407202603
030409004203202603
030409004207202603
030410001303202603
030410001307202603
030410001309202603
030410002103202603
030410002107202603
030501017403202603
030501017407202603
030502001303202603
030502001307202603
030502002103202603
030502002107202603
030502003003202603
030502003007202603
030502004803202603
030502004807202603
030502005603202603
030502005607202603
030701005801202603
030701005803202603
030701005807202603
030701005809202603
030702003701202603
030702003703202603
030702003707202603
030702003709202603
030702004501202603
030702004503202603
030702004507202603
030702004509202603
030702005301202603
030702005303202603
030702005307202603
030702005309202603
030702006101202603
030702006103202603
030702006107202603
030702006109202603
030702008801202603
030702008803202603
030702008807202603
030702008809202603
030702009601202603
030702009603202603
030702009607202603
030702009609202603
030702010001202603
030702010003202603
030702010007202603
030702010009202603
030702011801202603
030702011803202603
030702011807202603
030702011809202603
030703003201202603
030703003203202603
030703003207202603
030703003209202603
030704001101202603
030704001103202603
030704001107202603
030704001109202603
030704006201202603
030704006203202603
030704006207202603
030704006209202603
030704008901202603
030704008903202603
030704008907202603
030704008909202603
030801001901202603
030801001903202603
030801001907202603
030801002703202603
030801002707202603
030801003501202603
030801003503202603
030801003507202603
030801004301202603
030801004303202603
030801004307202603
030802002203202603
030802002207202603
030802003003202603
030802003007202603
030803001003202603
030803001007202603
030803002803202603
030803002807202603
030803003601202603
030803003603202603
030803003607202603
030803003683202603
030804001501202603
030804001503202603
030804001507202603
030804002303202603
030804002307202603
030901003901202603
030901003903202603
030901003907202603
030908001007202603
031001003901202603
031001003902202603
031001003903202603
031001004701202603
031001004702202603
031001004703202603
031001005502202603
040102001001202603
040102001007202603
040102001009202603
040102002901202603
040102002907202603
040102002909202603
040102003701202603
040102003707202603
040102003709202603
040102004501202603
040102004507202603
040102004509202603
040102005301202603
040102005307202603
040102005309202603
040102006101202603
040102006107202603
040102006109202603
040102007001202603
040102007007202603
040102007009202603
040102008801202603
040102008807202603
040102008809202603
040102009601202603
040102009607202603
040102009609202603
040102010001202603
040102010007202603
040102010009202603
040102011801202603
040102011807202603
040102011809202603
040102012601202603
040102012607202603
040102012609202603
040102013401202603
040102013409202603
040102014201202603
040102014207202603
040102014209202603
040102015001202603
040102015007202603
040102015009202603
040102016901202603
040102016907202603
040102016909202603
040201001901202603
040201001907202603
040201002701202603
040201002707202603
040201003501202603
040201003507202603
040201003509202603
040201004301202603
040201004307202603
040201004309202603
040201005101202603
040201005107202603
040202001401202603
040202001407202603
040202002201202603
040202002207202603
040301001201202603
040301001207202603
040301002001202603
040301002007202603
040301003901202603
040301003907202603
040301004701202603
040301004707202603
040301005501202603
040301005507202603
040301006301202603
040301006307202603
040301007101202603
040301007107202603
040301008001202603
040301008007202603
040301008009202603
040301009801202603
040301009807202603
040301010101202603
040301010107202603
040301011001202603
040301011007202603
040301012801202603
040301012807202603
040301013601202603
040301013607202603
040301014401202603
040301014407202603
040301015201202603
040301015207202603
040301016001202603
040301016007202603
040301017901202603
040301017907202603
040301018701202603
040301018707202603
040301019501202603
040301019507202603
040301020901202603
040301020907202603
040301021701202603
040301021707202603
040301022501202603
040301022507202603
040301023301202603
040301023307202603
040301024101202603
040301024107202603
040301025001202603
040301025007202603
040301026801202603
040301026807202603
040301027601202603
040301027607202603
040301028401202603
040301028407202603
040301029201202603
040301029207202603
040301030601202603
040301030607202603
040301031401202603
040301031407202603
040301032201202603
040301032207202603
040301033001202603
040301033007202603
040301034901202603
040301034907202603
040301035701202603
040301035707202603
040301036501202603
040301036507202603
040301039001202603
040301039003202603
040301039007202603
040302001801202603
040302001807202603
040302002601202603
040302002607202603
040302003401202603
040302003407202603
040302004201202603
040302004207202603
040302005001202603
040302005007202603
040302006901202603
040302006907202603
040302007701202603
040302007707202603
040302007709202603
040302008501202603
040302008507202603
040302008509202603
040302009301202603
040302009307202603
040302009309202603
040302010701202603
040302010707202603
040302011501202603
040302011507202603
040302012301202603
040302012307202603
040302012309202603
040302013101202603
040302013107202603
040303001301202603
040303001307202603
040303002101202603
040303002107202603
040303003001202603
040303003007202603
040303004801202603
040303004807202603
040303005601202603
040303005607202603
040303006401202603
040303006407202603
040303008001202603
040303008007202603
040303009901202603
040303009907202603
040303010201202603
040303010207202603
040303011001202603
040303011007202603
040303012901202603
040303012907202603
040303013701202603
040303013707202603
040303014501202603
040303014507202603
040303015301202603
040303015307202603
040303016101202603
040303016107202603
040304001901202603
040304001907202603
040304002701202603
040304002707202603
040304005101202603
040304005107202603
040304006001202603
040304006007202603
040304007801202603
040304007807202603
040304008601202603
040304008607202603
040304009401202603
040304009407202603
040304010801202603
040304010807202603
040304011601202603
040304011607202603
040304012401202603
040304012407202603
040305003001202603
040305003003202603
040305003007202603
040305004901202603
040305004907202603
040305005701202603
040305006501202603
040305006507202603
040305007301202603
040305007307202603
040305009001202603
040305009007202603
040305009009202603
040305010301202603
040305010307202603
040305010309202603
040305011101202603
040305011107202603
040305012001202603
040305012007202603
040305013801202603
040305013807202603
040305014601202603
040305014607202603
040305015401202603
040305015407202603
040305016201202603
040306001001202603
040306001007202603
040306002801202603
040306002807202603
040306003601202603
040306003607202603
040306004401202603
040306004407202603
040306005201202603
040306005207202603
040306006001202603
040306006007202603
040306007901202603
040306007907202603
040306008701202603
040306008707202603
040306009501202603
040306009507202603
040307001501202603
040307004001202603
040307004007202603
040307005801202603
040307005807202603
040307008201202603
040307009001202603
040307010401202603
040307011201202603
040307012001202603
040307013901202603
040307013907202603
040307014701202603
040307014707202603
040307015501202603
040307015507202603
040307016301202603
040307016307202603
040307017101202603
040308001001202603
040308002901202603
040308003701202603
040308004501202603
040308005301202603
040308005307202603
040308006101202603
040308007001202603
040308007007202603
040308008801202603
040308008807202603
040308009601202603
040308009607202603
040308010001202603
040401001601202603
040401001605202603
040401001609202603
040401002401202603
040401002407202603
040401002409202603
040401003201202603
040401003207202603
040401003209202603
040401004001202603
040401004007202603
040401004009202603
040401005901202603
040401005907202603
040401005909202603
040401006701202603
040401006707202603
040401006709202603
040401008301202603
040401008307202603
040401008309202603
040401010501202603
040401010507202603
040401010509202603
040401011301202603
040401011307202603
040401011309202603
040401012101202603
040401012107202603
040401012109202603
040401013001202603
040401013007202603
040401013009202603
040401014801202603
040401014807202603
040401014809202603
040401016401202603
040401016407202603
040401016409202603
040401017201202603
040401017207202603
040401018001202603
040401018007202603
040401019901202603
040401019907202603
040401020201202603
040401020207202603
040401021001202603
040401021007202603
040401021009202603
040401022901202603
040401022907202603
040401022909202603
040401023701202603
040401023707202603
040401023709202603
040401028801202603
040401028807202603
040401028809202603
040401031801202603
040401031807202603
040401031809202603
040401032601202603
040401032607202603
040401032609202603
040401033401202603
040401033407202603
040401033409202603
040401035001202603
040401035007202603
040401035009202603
040401037701202603
040401037707202603
040401037709202603
040401038501202603
040401038507202603
040401038509202603
040401040701202603
040401040707202603
040401040709202603
040401041501202603
040401041507202603
040401041509202603
040401043101202603
040401043107202603
040401045801202603
040401045807202603
040401046601202603
040401046607202603
040401046609202603
040401047401202603
040401047407202603
040401047409202603
040401048201202603
040401048207202603
040401048209202603
040401049001202603
040401049007202603
040401049009202603
040401050401202603
040401050407202603
040401050409202603
040401051201202603
040401051207202603
040401051209202603
040401052001202603
040401052007202603
040401052009202603
040401053901202603
040401053907202603
040401053909202603
040401054701202603
040401054707202603
040401055501202603
040401055507202603
040401055509202603
040401056301202603
040401056309202603
040401057101202603
040401057107202603
040401058001202603
040401058007202603
040401059801202603
040401059807202603
040401060101202603
040401060107202603
040401061001202603
040401061007202603
040401062801202603
040401062807202603
040401063601202603
040401063607202603
040401064401202603
040401064407202603
040401065201202603
040401065207202603
040402001101202603
040402001107202603
040402001109202603
040402003801202603
040402003807202603
040402003809202603
040402004601202603
040402004607202603
040402004609202603
040402006201202603
040402006207202603
040402007001202603
040402007007202603
040402007009202603
040402008901202603
040402008907202603
040402008909202603
040402010001202603
040402010003202603
040402010007202603
040402010009202603
040402011901202603
040402011907202603
040402011909202603
040402013501202603
040402013507202603
040402014301202603
040402014307202603
040402014309202603
040402017801202603
040402017807202603
040402020801202603
040402020807202603
040402020809202603
040402022401202603
040402022407202603
040402023201202603
040402023207202603
040402023209202603
040402024001202603
040402024007202603
040402024009202603
040402027501202603
040402027507202603
040402029101202603
040402029107202603
040402031301202603
040402031307202603
040402031309202603
040402032101202603
040402032107202603
040402032109202603
040402034801202603
040402034807202603
040402034809202603
040402035601202603
040402035607202603
040402035609202603
040402038001202603
040402038007202603
040402039901202603
040402039907202603
040402039909202603
040402042901202603
040402042907202603
040402042909202603
040402045301202603
040402045307202603
040402045309202603
040402046101202603
040402046107202603
040402046109202603
040402047001202603
040402047007202603
040402047009202603
040402048801202603
040402048807202603
040402048809202603
040402049601202603
040402049607202603
040402050001202603
040402050007202603
040402051801202603
040402051807202603
040402051809202603
040402052601202603
040402052607202603
040402053401202603
040402053407202603
040402054201202603
040402054207202603
040402054209202603
040402055001202603
040402055007202603
040402056901202603
040402056907202603
040402056909202603
040402057701202603
040402057707202603
040402057709202603
040402058501202603
040402058507202603
040402059301202603
040402059307202603
040402060701202603
040402060707202603
040402064001202603
040402064007202603
040402064009202603
040402065801202603
040402065807202603
040402065809202603
040402066601202603
040402066607202603
040402066609202603
040402069001202603
040402069007202603
040402070401202603
040402070407202603
040402071201202603
040402071207202603
040402071209202603
040402072001202603
040402072007202603
040402073901202603
040402073907202603
040402077101202603
040402077107202603
040402077109202603
040402078001202603
040402078007202603
040402079801202603
040402079807202603
040402079809202603
040403001701202603
040403001707202603
040403001709202603
040403003301202603
040403003307202603
040403004101202603
040403004107202603
040403004109202603
040403005001202603
040403005007202603
040403005009202603
040403006801202603
040403006807202603
040403006809202603
040403007601202603
040403007607202603
040403007609202603
040403008401202603
040403008407202603
040403008409202603
040403010601202603
040403010607202603
040403010609202603
040403012201202603
040403012207202603
040403012209202603
040403013001202603
040403013007202603
040403013009202603
040403015701202603
040403015707202603
040403015709202603
040403016501202603
040403016507202603
040403016509202603
040403017301202603
040403017307202603
040403017309202603
040403019001202603
040403019007202603
040403019009202603
040403022001202603
040403022007202603
040403022009202603
040403024601202603
040403024607202603
040403024609202603
040403025401202603
040403025407202603
040403025409202603
040403026201202603
040403026207202603
040403026209202603
040403027001202603
040403027007202603
040403027009202603
040403028901202603
040403028907202603
040403029701202603
040403029707202603
040403030001202603
040403030007202603
040403031901202603
040403031907202603
040403031909202603
040403032701202603
040403032707202603
040501001001202603
040501001007202603
040501001009202603
040501002801202603
040501002807202603
040501002809202603
040501003601202603
040501003607202603
040501003609202603
040501007901202603
040501007907202603
040501007909202603
040501008701202603
040501008707202603
040501008709202603
040501011701202603
040501011707202603
040501011709202603
040501012501202603
040501012507202603
040501012509202603
040501013301202603
040501013307202603
040501013309202603
040501015001202603
040501015007202603
040501015009202603
040501017601202603
040501017607202603
040501017609202603
040502001501202603
040502001507202603
040502001509202603
040502002301202603
040502002307202603
040502002309202603
040503001001202603
040503001007202603
040503001009202603
040503002901202603
040503002907202603
040503002909202603
040503007001202603
040503007007202603
040503007009202603
040503009601202603
040503009607202603
040503009609202603
040503011801202603
040503011807202603
040503011809202603
040503013401202603
040503013407202603
040503013409202603
040503014201202603
040503014207202603
040503014209202603
040503016901202603
040503016907202603
040503016909202603
040503017701202603
040503017707202603
040503017709202603
040503018501202603
040503018507202603
040503019301202603
040503019307202603
040503020701202603
040503020707202603
040503020709202603
040504001601202603
040504001607202603
040504001609202603
040504002401202603
040504002407202603
040504002409202603
040504004001202603
040504004007202603
040504004009202603
040504005901202603
040504005907202603
040504005909202603
040504006701202603
040504006707202603
040504006709202603
040504007501202603
040504007507202603
040504007509202603
040504008301202603
040504008307202603
040504008309202603
040504009101202603
040504009107202603
040504009109202603
040504010501202603
040504010507202603
040504010509202603
040504014801202603
040504014807202603
040504014809202603
040504015601202603
040504015607202603
040504015609202603
040504016401202603
040504016407202603
040504016409202603
040504018001202603
040504018007202603
040504020201202603
040504020207202603
040504020209202603
040504021001202603
040504021007202603
040504021009202603
040505001101202603
040505001107202603
040505001109202603
040505004601202603
040505004607202603
040505004609202603
040505005401202603
040505005407202603
040505005409202603
040505009701202603
040505009707202603
040505009709202603
040505010001202603
040505010007202603
040505010009202603
040505011901202603
040505011907202603
040505011909202603
040505013501202603
040505013507202603
040505013509202603
040505014301202603
040505014307202603
040505014309202603
040505015101202603
040505015107202603
040505015109202603
040505018601202603
040505018607202603
040505018609202603
040505021601202603
040505021607202603
040505021609202603
040505022401202603
040505022407202603
040505022409202603
040505023201202603
040505023207202603
040505023209202603
040505031301202603
040505031307202603
040505031309202603
040505032101202603
040505032107202603
040505032109202603
040505035601202603
040505035607202603
040505035609202603
040505037201202603
040505037207202603
040505037209202603
040505038001202603
040505038007202603
040505038009202603
040505039901202603
040505039907202603
040505039909202603
040505040201202603
040505040209202603
040601001301202603
040601001307202603
040601002101202603
040601003001202603
040601004801202603
040601005601202603
040601006401202603
040601007201202603
040601007207202603
040601008001202603
040601009901202603
040601010201202603
040601010207202603
040601011001202603
040601011007202603
040601013701202603
040601013707202603
040601015301202603
040601015307202603
040601016101202603
040601017001202603
040601017007202603
040601018801202603
040601019601202603
040601019607202603
040601020001202603
040601020007202603
040601021801202603
040601021807202603
040601022601202603
040601022607202603
040601023401202603
040601024201202603
040601025001202603
040601025007202603
040601026901202603
040601026907202603
040601027701202603
040601027707202603
040601028501202603
040601028507202603
040601029301202603
040601030701202603
040601031501202603
040601032301202603
040601033101202603
040601033107202603
040601034001202603
040601035801202603
040601036601202603
040601036607202603
040601037401202603
040601037407202603
040601038201202603
040601039001202603
040601039007202603
040601040401202603
040601041201202603
040601041207202603
040601042001202603
040601042007202603
040601043901202603
040601044701202603
040601044707202603
040601045501202603
040601046301202603
040601046307202603
040601047101202603
040601047107202603
040601048001202603
040601049801202603
040601049807202603
040601050101202603
040601051001202603
040601051007202603
040601052801202603
040601052807202603
040601053601202603
040601054401202603
040601055201202603
040601056001202603
040601056007202603
040601056009202603
040601057901202603
040601058701202603
040601058709202603
040601059501202603
040601060901202603
040601061701202603
040601062501202603
040601063301202603
040601063309202603
040601064101202603
040601064107202603
040601064109202603
040601065001202603
040601065009202603
040601066801202603
040601066807202603
040601066809202603
040601067601202603
040601067607202603
040601067609202603
040601068401202603
040601068407202603
040601068409202603
040601069201202603
040601069207202603
040601070601202603
040601071401202603
040601071407202603
040601071409202603
040601073001202603
040601075701202603
040601075707202603
040601076501202603
040601076507202603
040601077301202603
040601077307202603
040601078101202603
040601078107202603
040601079001202603
040601079009202603
040601080301202603
040601080307202603
040601081101202603
040601082001202603
040601082007202603
040601083801202603
040601084601202603
040601085401202603
040601085409202603
040601086201202603
040601086209202603
040601087001202603
040601087009202603
040601088901202603
040601089701202603
040601090001202603
040601090007202603
040601091901202603
040601091907202603
040601091909202603
040601092701202603
040601093501202603
040601094301202603
040601095101202603
040601096001202603
040601096003202603
040601096007202603
040601097801202603
040601097803202603
040601097807202603
040601098601202603
040601099401202603
040601100101202603
040601100109202603
040601101001202603
040601101009202603
040601102801202603
040601102809202603
040601103601202603
040601103609202603
040601104401202603
040601104407202603
040601104409202603
040601105201202603
040601105209202603
040601107901202603
040601108701202603
040601108709202603
040601109501202603
040601109509202603
040601110901202603
040601110909202603
040601111701202603
040601111709202603
040601112501202603
040601112509202603
040601113301202603
040601113307202603
040601113309202603
040601114101202603
040601114109202603
040601115001202603
040601115007202603
040601115009202603
040601116801202603
040601116809202603
040601117601202603
040601117609202603
040601118401202603
040601118409202603
040601119201202603
040601119209202603
040601120601202603
040601121401202603
040601121407202603
040601122201202603
040601122207202603
040601123001202603
040601124901202603
040601125701202603
040601126501202603
040601126507202603
040601127301202603
040601127307202603
040601128101202603
040601128107202603
040601129001202603
040601129007202603
040601130301202603
040601130307202603
040601131101202603
040601131107202603
040601132001202603
040601132007202603
040601133801202603
040601133807202603
040601134601202603
040601134607202603
040601135401202603
040601135407202603
040601136201202603
040601136207202603
040601137001202603
040601137007202603
040601138901202603
040601138907202603
040601139701202603
040601139707202603
040601140001202603
040601140007202603
040601141901202603
040601141907202603
040601142701202603
040601142707202603
040601143501202603
040601143507202603
040601144301202603
040601144307202603
040601145101202603
040601145107202603
040601146001202603
040601146007202603
040601147801202603
040601147807202603
040601148601202603
040601148607202603
040601149401202603
040601149407202603
040601150801202603
040601150807202603
040601151601202603
040601151607202603
040602001901202603
040602001907202603
040602002701202603
040602002707202603
040602003501202603
040602003507202603
040602004301202603
040602004307202603
040602005101202603
040602005107202603
040602007801202603
040602007807202603
040602007809202603
040602010801202603
040602011601202603
040602011607202603
040602011609202603
040602012401202603
040602012407202603
040602015901202603
040602015907202603
040602015909202603
040602016701202603
040602016707202603
040602016709202603
040602019101202603
040602019107202603
040602021301202603
040602022101202603
040602023001202603
040602024801202603
040602024807202603
040602025601202603
040602025607202603
040602026401202603
040602026407202603
040602027201202603
040602027207202603
040602028001202603
040602028007202603
040602030201202603
040602030207202603
040602031001202603
040602031007202603
040602032901202603
040602032907202603
040602033701202603
040602033707202603
040602034501202603
040602034507202603
040602035301202603
040602035307202603
040602036101202603
040602036107202603
040602037001202603
040602037007202603
040602038801202603
040602038807202603
040602039601202603
040602039607202603
040602040001202603
040602040007202603
040602041801202603
040602041807202603
040602042601202603
040602042607202603
040602043401202603
040602043407202603
040602044201202603
040602044207202603
040602045001202603
040602046901202603
040602046907202603
040602047701202603
040602047707202603
040602048501202603
040602048507202603
040602049301202603
040602049307202603
040602050701202603
040602050707202603
040602051501202603
040602051507202603
040602052301202603
040602053101202603
040602053107202603
040602054001202603
040602054007202603
040602055801202603
040602055807202603
040602056601202603
040602056607202603
040602056609202603
040602057401202603
040602057407202603
040602057409202603
040602058201202603
040602058207202603
040602059001202603
040602059007202603
040602060401202603
040602060407202603
040602060409202603
040602062001202603
040602062003202603
040602062007202603
040602062009202603
040603001401202603
040603002201202603
040603003001202603
040603004901202603
040603005701202603
040603005707202603
040603006501202603
040603007301202603
040603008101202603
040603008107202603
040603009001202603
040603009007202603
040603010301202603
040603010307202603
040603011101202603
040603011107202603
040603012001202603
040603012007202603
040603013801202603
040603013807202603
040603014601202603
040603014607202603
040603015401202603
040603015407202603
040603016201202603
040604001001202603
040604001007202603
040604002801202603
040604002807202603
040604004401202603
040604004407202603
040604005201202603
040604005207202603
040604006001202603
040604006007202603
040604007901202603
040604007907202603
040604008701202603
040604009501202603
040604010901202603
040604010907202603
040604011701202603
040604011707202603
040604012501202603
040604012507202603
040604013301202603
040604014101202603
040604014107202603
040604015001202603
040604016801202603
040604017601202603
040604018401202603
040604019201202603
040604019207202603
040604020601202603
040604020607202603
040604020609202603
040604021401202603
040604021407202603
040604022201202603
040604022207202603
040604023001202603
040604023007202603
040604024901202603
040604024907202603
040604025701202603
040604025707202603
040604025709202603
040604026501202603
040604026507202603
040604027301202603
040604027307202603
040604027309202603
040604028101202603
040604029001202603
040604029007202603
040604029009202603
040604030301202603
040604030307202603
040604030309202603
040604031101202603
040604031107202603
040604031109202603
040604032001202603
040604032007202603
040604033801202603
040604033807202603
040605001501202603
040605001507202603
040605001509202603
040605002301202603
040605002307202603
040605002309202603
040605003101202603
040605003107202603
040605003109202603
040605004001202603
040605004007202603
040605004009202603
040605005801202603
040605005807202603
040605005809202603
040605006601202603
040605006607202603
040605006609202603
040605007401202603
040605007407202603
040605007409202603
040605008201202603
040605008207202603
040605008209202603
040605009001202603
040605009007202603
040605010401202603
040605010407202603
040605011201202603
040605012001202603
040605012007202603
040605012009202603
040605013901202603
040605013907202603
040605013909202603
040701001701202603
040701001707202603
040701003301202603
040701003307202603
040701004101202603
040701005001202603
040701005007202603
040701006801202603
040701006807202603
040701007601202603
040701008401202603
040701008407202603
040701009201202603
040701009207202603
040701010601202603
040701010607202603
040701011401202603
040701011407202603
040701012201202603
040701013001202603
040701014901202603
040701015701202603
040701015707202603
040701016501202603
040701016507202603
040701017301202603
040701018101202603
040701019001202603
040701019007202603
040701020301202603
040701020307202603
040701021101202603
040701021107202603
040701021109202603
040701022001202603
040701022007202603
040701022009202603
040701023801202603
040701023807202603
040701027001202603
040701027007202603
040701028901202603
040701029701202603
040701029707202603
040701030001202603
040701033501202603
040701033507202603
040701034301202603
040701034307202603
040701035101202603
040701035107202603
040701036001202603
040701037801202603
040701038601202603
040702001201202603
040702002001202603
040702003901202603
040702003907202603
040702004701202603
040702004707202603
040702006301202603
040702006307202603
040702007101202603
040702007107202603
040702008001202603
040702008007202603
040702009801202603
040702009807202603
040702010101202603
040702010107202603
040702011001202603
040702011007202603
040702011009202603
040702013601202603
040702013607202603
040702013609202603
040702014401202603
040702014407202603
040702014409202603
040702015201202603
040702015207202603
040702017901202603
040702017907202603
040702018701202603
040702018707202603
040702019501202603
040702019507202603
040702020901202603
040702020907202603
040702021701202603
040702021709202603
040702022501202603
040702022507202603
040702022509202603
040702023301202603
040702023307202603
040702024101202603
040702024107202603
040702025001202603
040702025007202603
040702026801202603
040702026807202603
040702026809202603
040702027601202603
040702027607202603
040702027609202603
040702028401202603
040702028407202603
040702028409202603
040702029201202603
040702029207202603
040702030601202603
040702030607202603
040702032201202603
040702032207202603
040702032209202603
040702033001202603
040702034901202603
040702035701202603
040702036501202603
040702036507202603
040702038101202603
040702038107202603
040702040301202603
040702040307202603
040702041101202603
040702041107202603
040702042001202603
040702042007202603
040702043801202603
040702043807202603
040702044601202603
040702044607202603
040702045401202603
040702045407202603
040702045409202603
040702046201202603
040702046207202603
040702047001202603
040702047007202603
040702047009202603
040703001801202603
040703001807202603
040703002601202603
040703002607202603
040703003401202603
040703003407202603
040703003409202603
040703004201202603
040703004207202603
040703005001202603
040703005007202603
040703006901202603
040703006907202603
040703007701202603
040703007707202603
040703007709202603
040703012301202603
040703012307202603
040703013101202603
040703013107202603
040703014001202603
040703014007202603
040703015801202603
040703015807202603
040703016601202603
040703016607202603
040703017401202603
040703017407202603
040703018201202603
040703018207202603
040703019001202603
040703019007202603
040703020401202603
040703021201202603
040703022001202603
040703024701202603
040703025501202603
040703025507202603
040704001301202603
040704001307202603
040704002101202603
040704002107202603
040704003001202603
040704003007202603
040704004801202603
040704004807202603
040704005601202603
040704005607202603
040704006401202603
040704006407202603
040704006409202603
040704007201202603
040704007207202603
040704007209202603
040704008001202603
040704008007202603
040704008009202603
040704009901202603
040704009907202603
040704009909202603
040704010201202603
040704010207202603
040704010209202603
040704011001202603
040704011007202603
040704011009202603
040704012901202603
040704012907202603
040704012909202603
040704013701202603
040704013707202603
040704013709202603
040704014501202603
040704014507202603
040704014509202603
040704015301202603
040704015307202603
040704015309202603
040704016101202603
040704016107202603
040704017001202603
040704017007202603
040704017009202603
040704018801202603
040704018807202603
040704020001202603
040704020007202603
040704022601202603
040704022607202603
040704022609202603
040704023401202603
040704023407202603
040704024201202603
040704024207202603
040704025001202603
040704025007202603
040704026901202603
040704026907202603
040801001001202603
040801001007202603
040801002901202603
040801002907202603
040801003701202603
040801003707202603
040801004501202603
040801005301202603
040801006101202603
040801007001202603
040801007007202603
040801008801202603
040801008807202603
040801009601202603
040801009607202603
040801009609202603
040801010001202603
040801010007202603
040801010009202603
040801011801202603
040801011807202603
040801011809202603
040801013401202603
040801013407202603
040801013409202603
040801014201202603
040801014207202603
040801014209202603
040801015001202603
040801015007202603
040801015009202603
040801016901202603
040801016907202603
040801017701202603
040801017707202603
040801018501202603
040801018507202603
040801018509202603
040801019301202603
040801019307202603
040801020701202603
040801020707202603
040801020709202603
040801021501202603
040801021509202603
040801022301202603
040801022307202603
040801022309202603
040801023101202603
040801023109202603
040802001601202603
040802001607202603
040802002401202603
040802002407202603
040802003201202603
040802003207202603
040802004001202603
040802005901202603
040802006701202603
040802007501202603
040802008301202603
040802009101202603
040802010501202603
040802010507202603
040802010509202603
040802011301202603
040802011307202603
040802012101202603
040802012107202603
040802012109202603
040802013001202603
040802013007202603
040802014801202603
040802014807202603
040802014809202603
040802015601202603
040802015607202603
040802016401202603
040802016407202603
040802016409202603
040802017201202603
040802017207202603
040802017209202603
040802018001202603
040802018007202603
040802018009202603
040802019901202603
040802019907202603
040802019909202603
040802020201202603
040802020207202603
040802020209202603
040802021001202603
040802021007202603
040802022901202603
040802022907202603
040802022909202603
040802024501202603
040802024507202603
040802024509202603
040802025301202603
040802025307202603
040802026101202603
040802026107202603
040802027001202603
040802027007202603
040802028801202603
040802028807202603
040802029601202603
040802029607202603
040802029609202603
040802030001202603
040802030007202603
040802030009202603
040802031801202603
040802031807202603
040802031809202603
040802032601202603
040802032607202603
040802032609202603
040802033401202603
040802033407202603
040802034201202603
040802034207202603
040802034209202603
040802035001202603
040802035007202603
040802036901202603
040802036907202603
040802037701202603
040802037707202603
040802037709202603
040802038501202603
040802038507202603
040802039301202603
040802039307202603
040802040701202603
040802040707202603
040802041501202603
040802041507202603
040802042301202603
040802042307202603
040802043101202603
040802043107202603
040802044001202603
040802044007202603
040802044009202603
040802045801202603
040802045807202603
040802046601202603
040802046607202603
040802047401202603
040802047407202603
040802047409202603
040802048201202603
040802048207202603
040802048209202603
040802049001202603
040802049007202603
040802049009202603
040802050401202603
040802050407202603
040802050409202603
040802051201202603
040802051207202603
040802051209202603
040802052001202603
040802052007202603
040802052009202603
040802053901202603
040802053907202603
040802053909202603
040802054701202603
040802054707202603
040802055501202603
040802055507202603
040802055509202603
040802056301202603
040802056307202603
040802057101202603
040802057107202603
040802058001202603
040802058007202603
040802059801202603
040802059807202603
040802059809202603
040802060101202603
040802060107202603
040802060109202603
040802061001202603
040802061007202603
040802061009202603
040802062801202603
040802062807202603
040802062809202603
040802063601202603
040802063607202603
040802063609202603
040802064401202603
040802064407202603
040802064409202603
040803001101202603
040803001107202603
040803002001202603
040803002007202603
040803003801202603
040803003807202603
040803004601202603
040803005401202603
040803005407202603
040803006201202603
040803006207202603
040803007001202603
040803007007202603
040803008901202603
040803008907202603
040803009701202603
040803009707202603
040803010001202603
040803010007202603
040803011901202603
040803011907202603
040803012701202603
040803012707202603
040803013501202603
040803014301202603
040803015101202603
040803016001202603
040803017801202603
040803017807202603
040803018601202603
040803019401202603
040803020801202603
040803021601202603
040803022401202603
040803023201202603
040803023207202603
040803024001202603
040803024007202603
040803025901202603
040803025907202603
040803026701202603
040803026707202603
040803027501202603
040803027507202603
040803028301202603
040803028307202603
040803029101202603
040803029107202603
040803030501202603
040803030507202603
040803031301202603
040803031307202603
040803032101202603
040803032107202603
040803033001202603
040803033007202603
040803034801202603
040803034807202603
040803035601202603
040803036401202603
040803036407202603
040803037201202603
040803037207202603
040803038001202603
040803038007202603
040803039901202603
040803039907202603
040803040201202603
040803040207202603
040803041001202603
040803041007202603
040803042901202603
040803042907202603
040803043701202603
040803043707202603
040803044501202603
040803044507202603
040803045301202603
040803045307202603
040803046101202603
040803046107202603
040803047001202603
040803047007202603
040803050001202603
040803050007202603
040803051801202603
040803051807202603
040803052601202603
040803052607202603
040803053401202603
040803053407202603
040803054201202603
040803054207202603
040803055001202603
040803055007202603
040803056901202603
040803056907202603
040803057701202603
040803057707202603
040803058501202603
040803058507202603
040803059301202603
040803059307202603
040803060701202603
040803060707202603
040803061501202603
040803061507202603
040803062301202603
040803062307202603
040803063101202603
040803063107202603
040803064001202603
040803064007202603
040803065801202603
040803065807202603
040803066601202603
040803066607202603
040803067401202603
040803067407202603
040803068201202603
040803068207202603
040803069001202603
040803069007202603
040803070401202603
040803071201202603
040803071207202603
040803072001202603
040803072007202603
040803073901202603
040803073907202603
040803074701202603
040803074707202603
040803075501202603
040803075507202603
040803075509202603
040803076301202603
040803076307202603
040803077101202603
040803077107202603
040803078001202603
040803079801202603
040803080101202603
040803080107202603
040803081001202603
040803081007202603
040803082801202603
040803082807202603
040803083601202603
040803083607202603
040803084401202603
040803084407202603
040803085201202603
040803085207202603
040803086001202603
040803086007202603
040803087901202603
040803087907202603
040803088701202603
040803088707202603
040803089501202603
040803089507202603
040803090901202603
040803090907202603
040803091701202603
040803091707202603
040804001701202603
040804001707202603
040804002501202603
040804002507202603
040804003301202603
040804003307202603
040804004101202603
040804004107202603
040804005001202603
040804006801202603
040804007601202603
040804008401202603
040804009201202603
040804010601202603
040804010607202603
040804011401202603
040804011407202603
040804012201202603
040804012207202603
040804013001202603
040804013007202603
040804014901202603
040804014907202603
040804015701202603
040804015707202603
040804016501202603
040804016507202603
040804017301202603
040804017307202603
040804018101202603
040804018107202603
040804018109202603
040804019001202603
040804019007202603
040804019009202603
040804020301202603
040804020307202603
040804022001202603
040804022007202603
040804023801202603
040804023807202603
040804024601202603
040804024607202603
040804025401202603
040804025407202603
040804026201202603
040804026207202603
040804027001202603
040804027007202603
040804028901202603
040804028907202603
040804029701202603
040804029707202603
040804030001202603
040804030007202603
040804031901202603
040804031907202603
040804032701202603
040804032707202603
040804033501202603
040804033507202603
040804034301202603
040804034307202603
040805001201202603
040805001207202603
040805002001202603
040805002007202603
040805003901202603
040805003907202603
040805004701202603
040805004707202603
040805005501202603
040805006301202603
040805007101202603
040805008001202603
040805008007202603
040805010101202603
040805010107202603
040805011001202603
040805011007202603
040805012801202603
040805012807202603
040805013601202603
040805013607202603
040805014401202603
040805014407202603
040805014409202603
040805015201202603
040805015207202603
040805016001202603
040805016007202603
040805016009202603
040805017901202603
040805017907202603
040805019501202603
040805019507202603
040805019509202603
040805020901202603
040805020907202603
040805020909202603
040805021701202603
040805021707202603
040805021709202603
040805022501202603
040805022507202603
040805022509202603
040805023301202603
040805023307202603
040805024101202603
040805024107202603
040805024109202603
040805025001202603
040805025007202603
040805025009202603
040805026801202603
040805026807202603
040805026809202603
040805027601202603
040805027607202603
040805027609202603
040805028401202603
040805028407202603
040805028409202603
040805029201202603
040805029207202603
040805029209202603
040805030601202603
040805030607202603
040805031401202603
040805031407202603
040805032201202603
040805032207202603
040805032209202603
040805033001202603
040805033007202603
040805034901202603
040805034907202603
040805034909202603
040805035701202603
040805035707202603
040805035709202603
040805036501202603
040805036507202603
040805037301202603
040805037307202603
040805037309202603
040805038101202603
040805038107202603
040805039001202603
040805039007202603
040805039009202603
040805040301202603
040805041101202603
040805041107202603
040805042001202603
040805042007202603
040805043801202603
040805043807202603
040805044601202603
040805044607202603
040805044609202603
040805045401202603
040805045407202603
040805046201202603
040805046207202603
040805047001202603
040805047007202603
040805048901202603
040805048907202603
040805049701202603
040805049707202603
040805050001202603
040805050007202603
040805051901202603
040805051907202603
040805052701202603
040805052707202603
040805053501202603
040805053507202603
040805054301202603
040805054307202603
040805055101202603
040805055107202603
040805056001202603
040805056007202603
040805057801202603
040805057807202603
040805058601202603
040805058607202603
040805059401202603
040805059407202603
040805060801202603
040805060807202603
040805061601202603
040805061607202603
040805062401202603
040805062407202603
040805063201202603
040805063207202603
040805064001202603
040805064007202603
040805064009202603
040805065901202603
040805065907202603
040805065909202603
040805066701202603
040805066709202603
040805067501202603
040805067507202603
040805068301202603
040805068307202603
040805069101202603
040805069107202603
040805069109202603
040805070501202603
040805070507202603
040805071301202603
040805071307202603
040805072101202603
040805072107202603
040805073001202603
040805073007202603
040805073009202603
040805074801202603
040805074807202603
040805074809202603
040805075601202603
040805075607202603
040805075609202603
040805076401202603
040805076407202603
040805076409202603
040805077201202603
040805077207202603
040805078001202603
040805078007202603
040805079901202603
040805079907202603
040805080201202603
040805080207202603
040805081001202603
040805081007202603
040805082901202603
040805082907202603
040805082909202603
040805083701202603
040805083707202603
040805084501202603
040805084507202603
040805085301202603
040805085307202603
040805086101202603
040805086107202603
040805087001202603
040805087007202603
040805088801202603
040805088807202603
040805088809202603
040805089601202603
040805089607202603
040805089609202603
040805090001202603
040805091801202603
040805091807202603
040805091809202603
040805092601202603
040805092607202603
040805092609202603
040806001801202603
040806001807202603
040806001809202603
040806002601202603
040806002607202603
040806003401202603
040806003407202603
040806004201202603
040806004207202603
040806004209202603
040806005001202603
040806005007202603
040806005009202603
040806006901202603
040806006907202603
040806007701202603
040806007707202603
040806008501202603
040806008507202603
040806008509202603
040806009301202603
040806009307202603
040806010701202603
040806010707202603
040806011501202603
040806011507202603
040806011509202603
040806012301202603
040806012307202603
040806012309202603
040806013101202603
040806013107202603
040806013109202603
040806014001202603
040806014007202603
040806014009202603
040806015801202603
040806015807202603
040806015809202603
040806016601202603
040806016607202603
040806017401202603
040806017407202603
040806018201202603
040806018207202603
040806019001202603
040806019007202603
040806020401202603
040806020407202603
040806020409202603
040806021201202603
040806021207202603
040806021209202603
040806023901202603
040806023907202603
040806024701202603
040806024707202603
040806025501202603
040806025507202603
040806026301202603
040806026307202603
040806027101202603
040806027107202603
040806028001202603
040806028007202603
040806029801202603
040806029807202603
040806029809202603
040806030101202603
040806030107202603
040806030109202603
040806031001202603
040806031007202603
040806031009202603
040806032801202603
040806032807202603
040806032809202603
040806033601202603
040806033607202603
040806033609202603
040806034401202603
040806034407202603
040806034409202603
040806035201202603
040806035207202603
040806035209202603
040806036001202603
040806036007202603
040806036009202603
040806037901202603
040806037907202603
040806037909202603
040806038701202603
040806038707202603
040806039501202603
040806039507202603
040806039509202603
040806040901202603
040806040907202603
040806040909202603
040806041701202603
040806041707202603
040806041709202603
040806042501202603
040806042507202603
040806042509202603
040806043301202603
040806043307202603
040806043309202603
040806044101202603
040806044107202603
040806044109202603
040806045001202603
040806045007202603
040806045009202603
040806046801202603
040806046807202603
040806046809202603
040806047601202603
040806047607202603
040806047609202603
040806048401202603
040806048407202603
040806048409202603
040806049201202603
040806049207202603
040806050601202603
040806050607202603
040806051401202603
040806051407202603
040806052201202603
040806052207202603
040806053001202603
040806053007202603
040806053009202603
040806054901202603
040806054907202603
040806054909202603
040806055701202603
040806055707202603
040806056501202603
040806056507202603
040806056509202603
040806057301202603
040806057307202603
040806057309202603
040806058101202603
040806058107202603
040806058109202603
040806059001202603
040806059007202603
040806060301202603
040806060307202603
040806060309202603
040806061101202603
040806062001202603
040806062007202603
040806063801202603
040806063807202603
040806063809202603
040806064601202603
040806064607202603
040806066201202603
040806066207202603
040806067001202603
040806067007202603
040806067009202603
040806069701202603
040806069707202603
040806070001202603
040806070007202603
040806070009202603
040901001401202603
040901001407202603
040901002201202603
040901002207202603
040901003001202603
040901003007202603
040901004901202603
040901004907202603
040901005701202603
040901005707202603
040901006501202603
040901006507202603
040901006509202603
040901007301202603
040901007307202603
040901008101202603
040901008107202603
040901009001202603
040901009007202603
040901009009202603
040901012001202603
040901012007202603
040901012009202603
040901013801202603
040901013807202603
040901014601202603
040901014607202603
040901014609202603
040901017001202603
040901017007202603
040901017009202603
040901018901202603
040901018907202603
040901019701202603
040901019707202603
040901020001202603
040901020007202603
040901021901202603
040901022701202603
040901022707202603
040901023501202603
040901023507202603
040901024301202603
040901024307202603
040901025101202603
040901025107202603
040901026001202603
040901026007202603
040901028601202603
040901028607202603
040901029401202603
040901029407202603
040901030801202603
040901030807202603
040901031601202603
040901031607202603
040901032401202603
040901032407202603
040901033201202603
040901033207202603
040901034001202603
040901034007202603
040901036701202603
040901036707202603
040901037501202603
040901037507202603
040901037509202603
040901038301202603
040901038307202603
040901038309202603
040901039101202603
040901039107202603
040901039109202603
040901040501202603
040901040507202603
040901041301202603
040901041307202603
040901043001202603
040901043007202603
040901043009202603
040901045601202603
040901045607202603
040901046401202603
040901046407202603
040901047201202603
040901047207202603
040901048001202603
040901048007202603
040901048009202603
040901049901202603
040901050201202603
040901050207202603
040901051001202603
040901051007202603
040901051009202603
040901052901202603
040901052907202603
040901053701202603
040901053707202603
040901054501202603
040901054507202603
040901055301202603
040901055307202603
040901056101202603
040901056107202603
040901057001202603
040901057007202603
040901058801202603
040901058807202603
040901059601202603
040901059607202603
040901059609202603
040902001001202603
040902001007202603
040902001009202603
040902002801202603
040902002807202603
040902002809202603
040902004401202603
040902004407202603
040902004409202603
040902005201202603
040902005207202603
040902007901202603
040902007907202603
040902007909202603
040902008701202603
040902008707202603
040902008709202603
040902009501202603
040902009507202603
040902009509202603
040902010901202603
040902010907202603
040902010909202603
040902012501202603
040902012507202603
040902012509202603
040902013301202603
040902013307202603
040902013309202603
040902014101202603
040902014107202603
040902014109202603
040902015001202603
040902015007202603
040902015009202603
040902016801202603
040902016807202603
040902016809202603
040902017601202603
040902017607202603
040902017609202603
040903001501202603
040903001509202603
040903002301202603
040903003101202603
040903004001202603
040904001001202603
040904001007202603
040904001009202603
040904003701202603
040904003707202603
040904003709202603
040904004501202603
040904004507202603
040904005301202603
040904005307202603
040904005309202603
040904007001202603
040904007007202603
040904007009202603
040904008801202603
040904008807202603
040904008809202603
040904009601202603
040904009607202603
040904009609202603
040904011801202603
040904011807202603
040904011809202603
040904012601202603
040904012607202603
040904012609202603
040904013401202603
040904013407202603
040904013409202603
040904014201202603
040904014209202603
040904015001202603
040904015007202603
040904015009202603
040904016901202603
040904016907202603
040904016909202603
040904017701202603
040904017707202603
040904017709202603
040904018501202603
040904018507202603
040904018509202603
040904019301202603
040904019307202603
040904019309202603
040904020701202603
040904020707202603
040904020709202603
040904021501202603
040904021507202603
040904021509202603
040904022301202603
040904022309202603
040904023101202603
040904023107202603
040904023109202603
040904024001202603
040904024009202603
040905001601202603
040905001607202603
040905002401202603
040905002407202603
040905002409202603
040905003201202603
040905003209202603
040905004001202603
040905004007202603
040905004009202603
040905007501202603
040905007507202603
040905007509202603
040905008301202603
040905008307202603
040905008309202603
040905009101202603
040905009107202603
040905009109202603
040905010501202603
040905010507202603
040905010509202603
040905011301202603
040905011307202603
040905011309202603
040905013001202603
040905014801202603
040905016401202603
040906001101202603
040906001102202603
040906001107202603
040906001109202603
040906002001202603
040906003801202603
040906003809202603
040906004601202603
040906004607202603
040906004609202603
040906005401202603
040906005402202603
040906005409202603
040906007001202603
040906007002202603
040906007009202603
040906010001202603
040906010007202603
040906011901202603
040906011907202603
040906012701202603
040906012707202603
040906013501202603
040906013507202603
040906014301202603
040906014307202603
040906015101202603
040906015107202603
040906016001202603
040906016007202603
040906017801202603
040906017807202603
040906017809202603
040906018601202603
040906018609202603
040906019401202603
040906019407202603
040906019409202603
040906020801202603
040906020807202603
040906020809202603
040906021601202603
040906021607202603
040906021609202603
040906022401202603
040906022407202603
040906022409202603
040906023201202603
040906023202202603
040906023207202603
040906023209202603
040906024001202603
040906024002202603
040906024007202603
040906024009202603
040906025901202603
040906025902202603
040906025907202603
040906025909202603
040906026701202603
040906026702202603
040906026707202603
040906026709202603
040906027501202603
040906027507202603
040906027509202603
040906028301202603
040906028307202603
040906029101202603
040906031301202603
040906031302202603
040907001701202603
040907001709202603
040907002501202603
040907002509202603
040907003301202603
040907003309202603
040907004101202603
040907004109202603
040907005001202603
040907006801202603
040907006809202603
040907007601202603
040907007609202603
040907008401202603
040907008409202603
040907009201202603
040907009207202603
040907009209202603
040907010601202603
040907010607202603
040907010609202603
040907011401202603
040907011407202603
040907013001202603
040907013007202603
040907013009202603
040907014901202603
040907014907202603
040907014909202603
040907015701202603
040907015707202603
040907015709202603
040907019001202603
040907019009202603
040907020301202603
040907021101202603
040907021107202603
040907022001202603
040907022007202603
040907022009202603
040907023801202603
040907023807202603
040907024601202603
040907024607202603
040907025401202603
040907025407202603
040907026201202603
040907026207202603
040907026209202603
040907027001202603
040907027009202603
040907028901202603
040907028907202603
040907028909202603
040907029701202603
040907030001202603
040907030009202603
040907031901202603
041001001401202603
041001001407202603
041001001409202603
041001005701202603
041001006501202603
041001006507202603
041001006509202603
041001007301202603
041001007307202603
041001007309202603
041001008101202603
041001008107202603
041001008109202603
041001009001202603
041001009009202603
041001011101202603
041001011107202603
041001011109202603
041001012001202603
041001012007202603
041001013801202603
041001014601202603
041001015401202603
041001016201202603
041001019701202603
041001020001202603
041001021901202603
041101001801202603
041101001802202603
041101001809202603
041101002601202603
041101002602202603
041101003401202603
041101003402202603
041101004201202603
041101004202202603
041101005001202603
041101005002202603
041101005009202603
041101007701202603
041101007702202603
041101007709202603
041101008501202603
041101008502202603
041102001301202603
041102001302202603
041102001309202603
041102002101202603
041102002102202603
041102002109202603
041102003001202603
041102003002202603
041102004801202603
041102004802202603
041201001101202603
041201001107202603
041201002001202603
041201002007202603
041201003801202603
041201003807202603
041201003809202603
041201004601202603
041201004607202603
041201004609202603
041201007001202603
041201007007202603
041201008901202603
041201008907202603
041201009701202603
041201009707202603
041201010001202603
041201010007202603
041201011901202603
041201011907202603
041201013501202603
041201013507202603
041201014301202603
041201014307202603
041202001701202603
041202001707202603
041202002501202603
041202002507202603
041202003301202603
041202003307202603
041202005001202603
041202005007202603
041202006801202603
041202006807202603
041202007601202603
041202007607202603
041202008401202603
041202008407202603
041203001201202603
041203001207202603
041203004701202603
041203004707202603
041203008001202603
041203008007202603
041203009801202603
041203009807202603
041203009809202603
041203010101202603
041203010107202603
041203011001202603
041203011007202603
041204001801202603
041204001807202603
041204001809202603
041204002601202603
041204002607202603
041204003401202603
041204003407202603
041204004201202603
041204004207202603
041204005001202603
041204005007202603
041204006901202603
041204006907202603
041204008501202603
041204008507202603
041204008509202603
041204010701202603
041204010707202603
041204011501202603
041204011507202603
041204012301202603
041204012307202603
041204013101202603
041204013107202603
041204015801202603
041204015807202603
041204016601202603
041204016607202603
041204017401202603
041204017407202603
041204018201202603
041204018207202603
041204019001202603
041204019007202603
041204020401202603
041204020407202603
041204021201202603
041204021207202603
041204022001202603
041204022007202603
041204022009202603
041205001301202603
041205001307202603
041205003001202603
041205003007202603
041205004801202603
041205004807202603
041205006401202603
041205006407202603
041205007201202603
041205007207202603
041205008001202603
041205008007202603
041205010201202603
041205010207202603
041205011001202603
041205011007202603
041205013701202603
041205013707202603
041205014501202603
041205014507202603
041205015301202603
041205015307202603
041205016101202603
041205016107202603
041301001501202603
041301001507202603
041301006601202603
041301008201202603
041301008207202603
041301009001202603
041301009007202603
041303001601202603
041303001607202603
041303001609202603
041303002401202603
041303002407202603
041303002409202603
041303003201202603
041303003209202603
041303005901202603
041303005907202603
041303005909202603
041303006701202603
041303006709202603
041303007501202603
041303007509202603
041303008301202603
041303008307202603
041303008309202603
041304002001202603
041304002007202603
041304003801202603
041304004601202603
041304005401202603
041304005409202603
041304006201202603
041304006209202603
041304007001202603
041304007009202603
041304008901202603
041304008909202603
041304009701202603
041304009707202603
041304010001202603
041304010007202603
041304011901202603
041304011907202603
041304011909202603
041304012701202603
041304012707202603
041304012709202603
041304013501202603
041304013507202603
041304013509202603
041304014301202603
041304014307202603
041304014309202603
041304015101202603
041304015107202603
041304015109202603
041304016001202603
041304016007202603
041304017801202603
041304017807202603
041304018601202603
041304018607202603
041304018609202603
041304019401202603
041304019407202603
041304019409202603
041304020801202603
041304020807202603
041304020809202603
041304021601202603
041304021607202603
041304021609202603
041304022401202603
041304022407202603
041304022409202603
041304023201202603
041304023207202603
041304023209202603
041304024001202603
041304024007202603
041304025901202603
041304025909202603
041304026701202603
041401002701202603
041401003501202603
041401025601202603
041401025607202603
041401025609202603
041401027201202603
041401027207202603
041401027209202603
041401032901202603
041401032907202603
041401032909202603
041401034501202603
041401034507202603
041401034509202603
041402002201202603
041402002203202603
041402002207202603
041402002209202603
041402003001202603
041402003003202603
041402003007202603
041402003009202603
041402004901202603
041402004903202603
041402004907202603
041402004909202603
041402005701202603
041402005703202603
041402005707202603
041402005709202603
041402006501202603
041402006503202603
041402006507202603
041402006509202603
041402007301202603
041402007303202603
041402007307202603
041402007309202603
041402008101202603
041402008103202603
041402008107202603
041402008109202603
041402009001202603
041402009003202603
041402009007202603
041402009009202603
041402014601202603
041402014603202603
041402014607202603
041402014609202603
041402015401202603
041402015403202603
041402015407202603
041402015409202603
041402016201202603
041402016203202603
041402016207202603
041402016209202603
041402020001202603
041402020003202603
041402020007202603
041402020009202603
041402021901202603
041402021903202603
041402021907202603
041402021909202603
041402024301202603
041402024303202603
041402024307202603
041402024309202603
041402027801202603
041402027803202603
041402027807202603
041402027809202603
041402029401202603
041402029403202603
041402029407202603
041402029409202603
041402036701202603
041402036703202603
041402036707202603
041402036709202603
041402037501202603
041402037503202603
041402037507202603
041402037509202603
041402041301202603
041402041303202603
041402041307202603
041402041309202603
041501001201202603
041501001207202603
041502001801202603
041502003401202603
041502003407202603
041502004201202603
041502004207202603
041502005001202603
041502005007202603
041502006901202603
041502006907202603
041502007701202603
041502007707202603
041502008501202603
041503001301202603
041503001307202603
041504002701202603
041504002707202603
041504003501202603
041504003507202603
041601001601202603
041601001607202603
041601002401202603
041601002407202603
041601004001202603
041601004007202603
041601007501202603
041601007507202603
041601009101202603
041601009107202603
041601011301202603
041601011307202603
041601011309202603
041601012101202603
041601013001202603
041601016401202603
041601016407202603
041601017201202603
041601017207202603
041601017209202603
041601018001202603
041601018007202603
041601019901202603
041601019907202603
041601020201202603
041601020207202603
041601021001202603
041601021007202603
041601022901202603
041601022907202603
041602002001202603
041602002007202603
041602015101202603
041602015107202603
041602016001202603
041602016007202603
041602017801202603
041602017807202603
041602017809202603
041602018601202603
041602018607202603
041602018609202603
041602019401202603
041602019407202603
041602020801202603
041602020807202603
041602021601202603
041602021607202603
041602021609202603
041602022401202603
041602022407202603
041602023201202603
041602023207202603
041602024001202603
041602024007202603
041602024009202603
041602025901202603
041602025907202603
041603002501202603
041603002507202603
041603002509202603
041603003301202603
041603003307202603
041603003309202603
041603004101202603
041603004107202603
041603004109202603
041603006801202603
041603006807202603
041603007601202603
041603008401202603
041603008407202603
041603009201202603
041603009207202603
041603014901202603
041603014907202603
041603014909202603
041603015701202603
041603015707202603
041603015709202603
041603016501202603
041603016507202603
041603017301202603
041603017307202603
041603018101202603
041603018107202603
041603019001202603
041603020301202603
041603020307202603
041603021101202603
041603021107202603
041603022001202603
041603022007202603
041603023801202603
041603023807202603
041603024601202603
041603024607202603
041603025401202603
041603026201202603
041603027001202603
041603027007202603
041603028901202603
041603029701202603
041603030001202603
041603030007202603
041603031901202603
041603031907202603
041603032701202603
041603032707202603
041603032709202603
041603033501202603
041603033507202603
041603033509202603
041603034301202603
041603034307202603
041603035101202603
041603035107202603
041603035109202603
041603036001202603
041603036007202603
041604001201202603
041604001207202603
041604002001202603
041604002007202603
041604003901202603
041604003907202603
041604004701202603
041604004707202603
041604005501202603
041604005507202603
041604007101202603
041604007107202603
041604010101202603
041604010107202603
041604011001202603
041604011007202603
041604012801202603
041604012807202603
041604014401202603
041604014407202603
041604017901202603
041604017909202603
041604018701202603
041604018709202603
041604019501202603
041604019509202603
041604020901202603
041604020907202603
041604021701202603
041604021707202603
041604022501202603
041604022507202603
041604023301202603
041604023307202603
041604024101202603
041604024107202603
041604025001202603
041604025007202603
041604026801202603
041604026807202603
041604027601202603
041604027607202603
041604028401202603
041604029201202603
041604030601202603
041604031401202603
041604031407202603
041604032201202603
041604032207202603
041604033001202603
041604033007202603
041604034901202603
041604034907202603
041605001801202603
041605001807202603
041605002601202603
041605002607202603
041605003401202603
041605003407202603
041605005001202603
041605005007202603
041605007701202603
041605007707202603
041605009301202603
041605009307202603
041605010701202603
041605010707202603
041605011501202603
041605011507202603
041605012301202603
041605012307202603
041606001301202603
041606001307202603
041606001309202603
041606002101202603
041606002107202603
041606003001202603
041606003007202603
041606005601202603
041606005607202603
041606006401202603
041606006407202603
041606008001202603
041606008007202603
041606009901202603
041606009907202603
041606010201202603
041606010207202603
041606011001202603
041606011007202603
041606012901202603
041606012907202603
041606013701202603
041606013707202603
041608001401202603
041608001407202603
041608001409202603
041608003001202603
041608003007202603
041608003009202603
041608008101202603
041608008107202603
041608009001202603
041608009007202603
041608011101202603
041608011107202603
041608012001202603
041608012007202603
041608012009202603
041609001001202603
041609001007202603
041609002801202603
041609002807202603
041609003601202603
041609003607202603
041609007901202603
041609007907202603
041609010901202603
041609010907202603
041609011701202603
041609011707202603
041609012501202603
041609012507202603
041609013301202603
041609013307202603
041611001001202603
041611001007202603
041611002901202603
041611002907202603
041611003701202603
041611003707202603
041611004501202603
041611004507202603
041611005301202603
041611005307202603
041611006101202603
041611006107202603
041611007001202603
041611007007202603
041611008801202603
041611008807202603
041612002401202603
041612003201202603
041612004001202603
041612004009202603
041612005901202603
041612005909202603
050103006901202603
050103006903202603
050103006907202603
050201001075202603
050201001076202603
050201001078202603
050201001079202603
050201002978202603
050201002979202603
050201002980202603
050201002981202603
050201002982202603
050301001401202603
050301001403202603
050301001475202603
050301001476202603
050301001478202603
050301001479202603
050301001480202603
050301001481202603
050301001482202603
050301002201202603
050301002275202603
050301002276202603
050301002278202603
050301002279202603
050301002280202603
050301002281202603
050301002282202603
050302001001202603
050302002801202603
050303001575202603
050303001576202603
050303001578202603
050303001579202603
050303001580202603
050303001581202603
050303001582202603
050303002301202603
050303002375202603
050303002376202603
050303002378202603
050303002379202603
050303002380202603
050303002381202603
050303002382202603
050303003101202603
050303003175202603
050303003176202603
050303003178202603
050303003179202603
050303003180202603
050303003181202603
050303003182202603
050303004001202603
050303004075202603
050303004076202603
050303004078202603
050303004080202603
050303004081202603
050303004082202603
050303005801202603
050303005875202603
050303005876202603
050303005878202603
050303005879202603
050303005880202603
050303005881202603
050303005882202603
050303006601202603
050303006675202603
050303006676202603
050303006678202603
050303006679202603
050303006680202603
050303006681202603
050303006682202603
050303007401202603
050303007475202603
050303007476202603
050303007478202603
050303007479202603
050303007480202603
050303007481202603
050303007482202603
050303008201202603
050303008275202603
050303008276202603
050303008278202603
050303008279202603
050303008280202603
050303008281202603
050303008282202603
050303009001202603
050303009075202603
050303009076202603
050303009078202603
050303009079202603
050303009080202603
050303009081202603
050303009082202603
050303010401202603
050303010475202603
050303010476202603
050303010478202603
050303010479202603
050303010480202603
050303010481202603
050303010482202603
050304004575202603
050304004576202603
050304004578202603
050304004579202603
050304004580202603
050304004581202603
050304004582202603
050501001103202603
050501001107202603
050501002003202603
050501002007202603
050501003803202603
050501003807202603
050501004603202603
050501004607202603
050501005403202603
050501005407202603
050501006203202603
050501006207202603
050501007003202603
050501007007202603
050501008903202603
050501008907202603
050501009701202603
050501009707202603
050501009709202603
050501012701202603
050501012707202603
050501012709202603
050501013501202603
050501013507202603
050501013509202603
050501014309202603
050502004101202603
050502004107202603
050502005001202603
050502005007202603
050502006801202603
050502007601202603
050502008401202603
050502009201202603
050502010601202603
050502012201202603
050502014901202603
050602001012202603
050602002912202603
050602003712202603
050602004503202603
050602004507202603
050602004509202603
050602004512202603
050602005301202603
050602005303202603
050602005307202603
050602006101202603
050602006103202603
050602006107202603
050602007001202603
050602007003202603
050602007007202603
050602009601202603
050602009603202603
050602009607202603
050602010001202603
050602010003202603
050602010007202603
050602011801202603
050602011803202603
050602011807202603
050602013401202603
050602013403202603
050602013407202603
070209005001202603
070209005007202603
070209006901202603
070209006907202603
080201006765202603
080201007579202603
080201008375202603
080201009176202603
080201011383202603
080201012181202603
080201013082202603
080201015678202603
080201016480202603
080201021085202603
080201022986202603
080201023792202603
080201024593202603
080201025387202603
080201026187202603
080201027087202603
080201028894202603
080201032696202603
080201036995202603
